168
171
173
169
171
178
173
181
179
175
171
164
167
169
166
165
165
147
148
157
152
137
126
120
120
113
112
108
107
100
103
95
96
91
90
82
81
84
89
95
89
93
97
100
97
101
101
102
105
100
101
97
92
91
102
109
119
133
152
164
164
167
171
161
147
158
167
150
123
87
93
90
81
79
83
89
96
98
98
96
93
88
87
94
108
124
144
158
171
180
193
209
221
236
241
239
236
234
232
232
234
243
244
248
243
244
247
257
256
249
246
254
265
281
285
288
281
272
265
253
248
246
234
216
198
188
175
159
154
146
141
141
144
144
138
142
140
138
133
144
149
148
138
128
120
117
114
113
110
111
109
109
103
92
70
68
72
74
69
72
71
74
76
76
75
82
88
93
97
99
100
99
95
98
103
108
105
99
99
97
97
95
94
91
90
95
96
91
87
85
82
78
75
70
69
71
70
65
61
61
57
53
55
56
55
56
63
72
81
90
105
115
121
124
128
134
138
145
141
136
133
139
142
142
138
137
138
138
138
140
145
147
151
153
149
147
146
142
141
142
143
139
138
136
142
130
130
141
148
135
125
133
141
142
143
134
135
138
139
133
123
118
117
121
128
130
129
126
124
123
121
120
120
117
117
114
109
110
119
130
125
115
110
107
109
109
113
115
118
114
105
97
104
109
118
113
116
112
113
106
113
111
118
116
116
103
97
90
89
81
81
77
80
76
75
70
70
67
65
68
83
106
115
119
123
130
133
136
139
146
140
139
131
131
126
128
122
122
117
118
112
112
114
115
111
111
112
113
113
112
113
115
116
119
116
119
124
125
127
133
151
164
191
204
223
231
241
246
255
264
262
257
251
245
245
242
242
237
243
239
246
238
241
233
224
220
228
222
214
203
212
204
198
190
190
184
178
176
172
172
163
163
159
154
152
153
144
135
131
136
137
134
131
135
131
129
123
126
124
122
118
122
118
120
118
114
102
97
95
94
100
103
108
104
107
110
139
135
128
127
119
112
106
108
111
111
109
110
106
100
96
91
86
82
79
75
70
68
71
70
69
67
66
64
62
62
60
57
55
52
53
51
56
61
67
73
84
99
97
96
102
105
100
100
99
99
98
97
104
103
100
85
83
75
79
76
75
74
74
72
71
74
69
68
62
61
62
61
59
57
60
55
55
55
52
50
51
52
56
60
61
54
50
48
51
50
49
51
52
57
65
85
98
107
110
118
119
119
119
121
118
106
98
99
101
105
108
108
101
102
106
102
100
98
102
99
96
94
90
95
104
104
98
93
94
100
100
102
98
103
102
102
109
111
118
119
127
133
128
123
120
115
117
114
112
109
107
106
104
103
97
93
85
81
78
76
72
69
68
66
62
62
60
67
87
117
143
156
160
157
154
146
140
135
140
145
146
136
137
133
129
124
123
123
117
105
96
91
96
103
107
100
97
99
107
113
112
115
116
115
115
116
116
114
112
108
100
90
88
88
92
94
92
85
82
82
79
75
73
71
70
70
70
67
67
65
61
57
55
63
75
91
104
114
116
122
123
123
118
116
105
97
93
84
88
87
87
78
71
73
71
70
76
89
93
104
116
114
112
112
115
114
108
106
103
105
103
98
93
88
83
84
92
89
91
90
100
102
110
113
116
111
110
110
114
112
113
114
123
121
121
120
124
123
123
124
121
122
127
134
139
140
141
138
140
138
135
135
138
142
138
133
130
124
126
117
118
112
115
108
107
105
115
121
131
135
142
148
149
186
184
186
185
187
185
188
184
180
175
178
178
179
174
172
170
172
173
170
174
174
178
178
180
174
171
170
168
167
168
172
176
178
172
167
170
169
168
162
168
165
165
158
160
158
158
157
161
150
143
141
147
155
161
162
163
149
147
135
147
137
144
146
151
151
152
151
147
150
152
157
157
151
136
132
128
132
134
135
135
137
137
134
130
127
122
118
121
121
125
119
122
121
117
110
103
102
100
100
94
90
83
74
71
63
62
61
70
75
81
83
92
100
113
122
124
123
121
118
110
104
102
104
94
89
86
88
82
75
70
70
69
65
62
59
63
62
60
61
62
62
64
69
78
94
106
117
124
133
138
138
146
145
146
143
143
143
144
147
149
153
157
154
155
156
159
154
163
164
168
161
164
161
168
167
167
166
168
168
165
164
168
164
161
164
165
163
160
163
160
164
163
158
161
175
187
188
185
183
177
170
166
166
161
163
163
150
136
132
138
138
138
138
135
133
128
124
125
123
132
135
133
126
125
125
121
122
123
125
117
108
103
104
99
95
89
86
79
76
76
75
75
77
83
93
92
102
102
107
104
109
111
115
116
120
128
133
142
150
160
167
176
176
181
183
188
193
194
192
192
191
165
187
190
184
178
170
169
166
170
168
159
153
147
145
140
137
133
130
128
126
125
123
121
116
114
114
114
113
115
114
106
103
103
112
117
116
110
110
106
107
104
104
97
96
100
100
105
100
97
93
95
100
100
97
93
95
92
91
93
95
95
94
96
95
95
86
83
84
83
84
84
85
84
81
73
71
76
83
81
79
69
73
69
69
64
65
62
63
62
65
69
68
63
59
61
56
56
54
61
72
84
97
108
110
115
116
118
117
120
118
122
122
118
119
114
114
114
109
110
102
97
84
81
85
106
134
156
181
190
201
203
193
192
189
194
186
184
186
185
183
177
172
161
159
158
166
161
150
148
151
153
142
142
146
158
167
175
191
200
215
213
216
217
225
227
228
225
212
208
198
201
190
190
186
179
170
166
162
159
155
151
150
143
137
130
133
135
128
119
119
116
112
105
104
106
114
115
118
118
114
109
115
123
125
119
121
129
136
142
146
153
153
157
156
159
160
159
159
159
164
175
177
181
182
189
191
199
201
210
211
217
221
222
227
223
226
231
238
239
233
225
233
221
218
226
231
228
216
208
196
196
196
201
199
210
219
219
217
218
230
231
233
231
227
222
227
227
226
226
224
212
186
170
171
173
170
171
167
159
157
164
155
144
123
124
122
124
126
120
123
124
122
119
121
127
120
112
109
110
112
110
108
107
104
101
103
108
101
100
102
108
108
107
111
109
110
107
102
101
97
103
113
115
112
108
106
108
105
106
107
105
100
99
100
104
102
102
95
98
101
98
97
92
89
89
91
95
96
95
96
95
98
94
94
93
92
91
89
87
85
87
84
93
95
90
82
83
92
90
86
84
85
86
84
85
84
83
85
84
81
83
85
89
84
84
85
85
83
82
81
81
85
88
91
88
82
90
84
79
75
84
91
92
95
107
110
113
119
126
138
152
159
160
160
145
143
148
162
166
166
159
163
164
172
165
162
169
163
152
148
153
148
134
128
132
128
122
118
117
114
106
97
94
99
99
98
94
88
83
80
76
72
76
82
87
88
93
93
88
88
95
100
103
101
103
109
118
118
118
123
132
138
140
149
157
163
165
172
174
169
167
181
187
192
179
175
168
144
111
84
62
53
45
47
54
63
73
82
83
96
95
89
90
89
81
76
68
67
60
55
49
55
67
82
103
122
141
158
170
178
179
183
186
185
180
170
164
155
147
136
135
144
146
139
133
139
138
140
150
155
161
162
166
164
171
172
165
161
166
169
166
162
172
173
178
182
179
178
176
182
186
185
184
183
179
176
182
188
183
174
172
166
162
165
165
152
140
146
153
155
148
143
141
140
140
137
136
133
132
135
132
135
137
137
126
120
124
126
124
128
127
128
121
123
120
118
106
108
106
109
108
114
114
109
102
105
106
111
111
104
95
93
95
100
101
103
105
102
101
103
100
109
108
109
100
103
105
107
106
100
98
97
98
99
96
94
95
99
100
104
96
101
100
104
98
97
97
97
98
100
102
101
105
100
99
97
100
102
102
99
98
99
102
96
101
102
103
102
106
98
94
88
95
102
105
114
114
121
127
133
136
139
144
145
148
147
145
140
138
142
147
150
156
164
164
153
146
142
144
140
137
130
126
116
113
112
113
111
105
99
97
95
90
88
81
80
83
79
81
78
86
86
99
99
104
105
118
129
134
119
116
115
122
125
126
128
130
130
133
131
141
147
152
147
146
144
151
154
162
156
154
145
146
141
140
126
120
113
111
105
102
87
75
63
59
55
52
52
58
64
68
80
93
96
95
95
97
98
100
103
90
107
110
116
111
111
106
103
103
103
101
104
102
103
98
99
103
103
102
105
114
117
117
117
117
115
111
109
102
105
107
110
109
115
125
134
139
146
156
159
166
173
188
202
212
221
225
230
230
227
229
237
250
241
231
226
228
230
232
229
232
231
229
226
229
233
236
222
218
208
210
208
207
208
208
198
192
192
196
187
193
190
190
191
184
182
176
170
171
168
165
160
160
160
164
163
161
155
155
156
161
163
163
160
158
168
167
169
163
165
162
173
174
170
175
158
160
176
181
180
184
185
183
184
178
181
179
177
170
171
174
172
171
173
173
169
173
170
168
171
169
170
170
165
158
156
176
182
172
167
170
173
174
175
182
182
177
174
183
183
177
166
164
166
167
167
162
154
152
153
160
150
151
148
144
136
132
131
130
129
121
115
118
114
113
112
111
107
104
105
100
99
96
96
95
97
105
108
111
114
118
118
124
126
129
130
141
150
158
172
174
172
170
179
183
182
182
185
186
186
183
181
175
166
155
149
135
127
114
94
91
86
83
77
72
70
62
51
45
48
64
77
97
110
120
127
134
138
143
149
154
155
161
164
168
171
177
177
179
185
186
194
194
198
193
196
199
190
180
175
171
166
156
157
155
154
153
147
146
144
148
143
146
142
149
149
151
150
149
145
142
139
142
144
141
137
137
139
143
147
153
161
165
175
177
179
182
179
184
174
190
190
178
176
167
172
168
173
168
167
171
179
192
194
204
202
204
201
205
200
192
195
190
191
185
189
182
179
175
168
157
155
155
149
146
141
105
108
99
96
95
100
100
98
101
108
119
126
132
138
151
156
165
171
179
175
167
169
173
177
187
195
201
203
202
203
201
205
198
206
206
199
196
205
208
205
205
211
213
210
205
208
211
204
197
194
194
196
197
197
198
206
196
215
222
222
217
210
210
209
214
202
219
227
230
210
201
201
202
205
211
213
227
213
212
212
213
204
201
205
203
212
224
215
213
216
229
230
228
235
230
222
220
215
220
222
241
252
269
275
265
260
270
294
292
289
300
307
291
286
284
277
255
255
251
239
223
213
204
188
173
159
145
136
138
139
135
125
117
111
100
89
88
85
83
78
74
72
72
75
76
77
82
83
80
77
78
74
69
68
73
83
96
110
128
137
142
139
136
132
135
135
132
130
129
128
130
137
144
144
144
145
151
156
160
164
165
168
165
163
152
154
160
165
156
147
148
154
151
147
146
145
147
145
138
139
141
136
131
130
132
128
132
126
124
122
125
119
115
114
116
112
111
112
116
117
109
109
110
111
108
110
113
122
127
142
142
146
144
146
142
139
138
140
142
155
164
158
156
160
172
175
180
185
198
199
199
202
210
216
217
210
217
212
212
207
212
218
220
222
227
226
232
238
248
215
243
232
229
220
225
223
218
214
212
222
219
212
203
196
192
187
183
183
175
167
159
156
153
161
159
159
147
149
155
159
156
151
149
145
151
150
151
142
139
143
145
143
138
131
135
141
145
143
139
142
139
150
149
151
145
144
152
154
153
148
151
160
163
159
152
149
156
163
165
169
158
159
166
172
163
159
165
169
174
165
173
175
185
181
176
175
178
183
184
190
195
197
204
205
201
198
203
209
221
229
233
236
244
258
259
258
252
247
253
255
252
245
238
234
226
225
222
222
216
209
206
210
209
206
204
200
193
193
187
191
188
191
187
183
184
187
188
183
183
183
185
189
186
182
181
185
181
181
182
183
188
187
182
179
182
188
190
187
186
183
187
196
210
225
239
252
262
275
279
285
292
298
299
306
307
308
302
300
299
304
311
307
309
302
307
313
317
307
293
293
301
296
284
275
273
261
256
253
246
239
241
229
223
214
214
208
201
197
189
178
165
157
153
144
137
134
132
123
109
108
104
102
99
89
86
85
87
80
72
68
79
91
97
97
96
93
88
83
85
88
92
92
95
90
92
97
92
83
78
74
70
68
65
62
60
64
61
66
58
56
47
46
50
60
71
82
88
92
95
104
105
106
111
121
121
120
124
124
126
125
104
119
110
105
109
109
108
106
107
105
111
106
107
99
102
99
102
105
101
95
91
89
95
94
97
99
98
96
94
97
98
98
97
97
103
105
104
100
109
113
109
106
108
112
116
114
119
120
126
118
122
118
120
118
116
112
115
112
120
123
124
123
123
124
123
119
117
116
115
117
118
121
125
121
116
118
113
121
126
128
125
123
122
121
124
124
118
120
127
132
129
124
121
125
128
123
119
124
128
126
126
130
130
144
155
170
174
173
168
163
157
143
134
135
134
140
135
127
119
121
121
114
99
93
86
90
89
84
77
76
73
68
66
78
93
108
120
119
120
112
107
108
101
100
99
103
101
100
103
97
94
92
92
88
84
81
80
75
69
62
64
69
78
86
90
94
91
89
86
82
80
77
73
69
68
65
65
64
62
64
75
82
86
90
101
112
121
129
143
157
165
175
181
188
181
187
180
181
182
184
189
187
180
173
177
175
166
168
165
163
160
168
166
164
152
151
154
148
140
132
122
110
106
104
107
112
106
98
98
97
100
98
100
96
95
93
89
86
87
93
93
95
95
93
96
93
94
95
99
101
109
121
121
119
122
123
121
118
115
114
117
114
119
122
124
125
127
128
129
135
140
140
146
147
151
148
150
150
151
154
154
155
154
149
144
142
143
143
134
135
134
136
131
129
132
128
128
128
133
130
129
132
129
127
128
126
123
128
131
135
132
135
126
118
119
127
135
131
133
131
133
125
127
132
133
131
129
138
136
136
137
145
143
140
138
136
138
142
144
142
141
141
140
141
145
147
146
141
142
144
155
157
149
140
145
143
148
151
155
154
149
142
142
141
136
133
134
132
136
134
138
137
138
139
132
129
133
136
136
129
129
137
134
133
128
136
136
133
126
133
133
134
128
128
126
129
133
129
124
126
123
121
129
132
135
127
132
139
152
165
168
175
184
195
202
186
184
169
172
165
162
154
144
139
131
115
104
101
109
106
101
98
83
77
76
81
75
66
68
73
82
88
93
95
98
99
101
108
112
117
120
128
129
126
126
132
133
131
130
131
134
136
135
129
134
132
132
129
129
129
134
131
122
120
121
122
117
117
129
141
150
159
170
172
163
163
167
171
177
192
203
200
191
187
199
210
219
219
210
204
198
193
187
181
175
161
152
141
136
135
133
123
105
97
94
87
87
87
90
103
104
110
104
97
99
109
110
109
118
125
128
123
126
131
142
142
141
139
145
150
157
151
154
162
175
177
180
159
182
185
193
194
190
190
187
187
182
183
179
182
180
177
178
166
162
158
161
157
166
166
161
148
146
139
141
143
134
129
128
130
132
127
123
118
123
126
123
120
120
121
123
121
126
125
120
117
121
122
119
115
109
116
120
117
114
118
117
113
120
117
110
110
120
126
125
121
119
118
115
113
108
114
115
117
116
117
121
120
120
116
119
117
114
108
109
104
108
109
103
102
109
111
108
105
107
102
100
104
106
103
104
103
103
109
113
107
109
105
118
133
136
144
143
134
130
125
124
125
125
127
121
119
111
107
99
101
100
102
103
106
109
103
103
106
116
120
122
115
117
116
115
112
108
105
104
108
107
107
102
100
99
95
93
88
88
85
85
84
85
81
81
74
71
67
73
75
79
83
95
101
103
107
115
124
123
122
122
118
115
108
113
112
122
115
114
117
125
126
132
133
141
147
156
162
160
157
160
165
166
166
165
169
172
186
187
188
181
193
195
203
203
210
202
205
206
196
194
179
185
170
164
163
168
166
157
160
149
135
129
127
126
121
123
114
107
106
107
108
103
96
86
80
75
71
76
81
90
91
93
95
97
92
92
92
100
104
111
119
126
138
141
150
152
153
159
157
166
167
170
170
174
171
175
168
171
171
170
163
162
162
155
150
152
151
148
146
141
137
